001 1 100 12 .12
002 1 127 9 .0709
003 1 67 3 .0448
004 1 185 25 .1351
005 1 155 3 .0194
006 1 155 5 .0323
007 1 128 6 .0469
008 1 39 5 .1282
009 1 125 6 .048
010 1 74 4 .0541
011 1 41 1 .0244
012 1 52 6 .1154
013 1 51 9 .1765
014 1 55 2 .0364
015 1 65 10 .1538
016 1 120 20 .1667
017 1 169 6 .0355
018 1 22 4 .1818
019 1 19 7 .3684
020 1 133 27 .203
021 1 157 14 .0892
022 1 189 7 .037
023 1 62 19 .3065
024 1 118 10 .0847
025 1 51 4 .0784
026 1 97 10 .1031
027 1 45 1 .0222
028 1 72 7 .0972
029 1 34 2 .0588
030 1 44 3 .0682
031 1 121 12 .0992
032 1 120 13 .1083
033 1 192 31 .1615
034 1 39 2 .0513
035 1 145 4 .0276
036 1 189 19 .1005
037 1 103 9 .0874
038 1 121 5 .0413
039 1 55 1 .0182
040 1 55 26 .4727
041 1 48 1 .0208
042 1 127 26 .2047
043 1 158 14 .0886
044 1 179 22 .1229
045 1 105 10 .0952
046 1 171 4 .0234
047 1 
048 1 92 4 .0435
049 1 85 0 0
050 1 170 11 .0647
051 1 164 6 .0366
052 1 145 26 .1793
053 1 132 10 .0758
054 1 116 5 .0431
055 1 183 13 .071
056 1 191 21 .1099
057 1 51 4 .0784
058 1 60 2 .0333
059 1 149 6 .0403
060 1 105 10 .0952
001 2 100 14 .14
002 2 
003 2 67 3 .0448
004 2 185 26 .1405
005 2 155 3 .0194
006 2 155 5 .0323
007 2 128 7 .0547
008 2 39 5 .1282
009 2 125 4 .032
010 2 74 4 .0541
011 2 41 1 .0244
012 2 52 6 .1154
013 2 51 8 .1569
014 2 55 2 .0364
015 2 65 10 .1538
016 2 120 20 .1667
017 2 169 6 .0355
018 2 22 4 .1818
019 2 19 7 .3684
020 2 133 27 .203
021 2 157 12 .0764
022 2 189 7 .037
023 2 62 19 .3065
024 2 118 11 .0932
025 2 51 4 .0784
026 2 97 10 .1031
027 2 45 1 .0222
028 2 72 7 .0972
029 2 34 2 .0588
030 2 44 4 .0909
031 2 121 12 .0992
032 2 120 13 .1083
033 2 192 30 .1562
034 2 39 2 .0513
035 2 145 4 .0276
036 2 189 19 .1005
037 2 103 9 .0874
038 2 121 5 .0413
039 2 55 1 .0182
040 2 55 26 .4727
041 2 48 1 .0208
042 2 127 26 .2047
043 2 158 14 .0886
044 2 179 20 .1117
045 2 105 10 .0952
046 2 171 4 .0234
047 2 179 11 .0615
048 2 92 4 .0435
049 2 85 0 0
050 2 170 11 .0647
051 2 164 6 .0366
052 2 145 26 .1793
053 2 132 12 .0909
054 2 116 5 .0431
055 2 183 12 .0656
056 2 191 19 .0995
057 2 51 4 .0784
058 2 60 2 .0333
059 2 149 6 .0403
060 2 105 10 .0952
001 4 100 12 .12
002 4 
003 4 67 3 .0448
004 4 185 26 .1405
005 4 155 3 .0194
006 4 155 5 .0323
007 4 128 7 .0547
008 4 39 5 .1282
009 4 125 3 .024
010 4 74 4 .0541
011 4 41 1 .0244
012 4 52 6 .1154
013 4 51 8 .1569
014 4 55 2 .0364
015 4 65 10 .1538
016 4 120 20 .1667
017 4 169 6 .0355
018 4 22 4 .1818
019 4 19 7 .3684
020 4 133 23 .1729
021 4 
022 4 189 7 .037
023 4 62 19 .3065
024 4 118 11 .0932
025 4 51 4 .0784
026 4 97 10 .1031
027 4 45 1 .0222
028 4 72 7 .0972
029 4 34 2 .0588
030 4 44 3 .0682
031 4 121 12 .0992
032 4 120 13 .1083
033 4 192 28 .1458
034 4 39 2 .0513
035 4 145 4 .0276
036 4 189 19 .1005
037 4 103 9 .0874
038 4 121 5 .0413
039 4 55 1 .0182
040 4 55 26 .4727
041 4 48 1 .0208
042 4 127 31 .2441
043 4 158 14 .0886
044 4 179 20 .1117
045 4 105 10 .0952
046 4 171 4 .0234
047 4 179 11 .0615
048 4 92 4 .0435
049 4 85 0 0
050 4 170 11 .0647
051 4 164 6 .0366
052 4 145 26 .1793
053 4 132 10 .0758
054 4 116 5 .0431
055 4 
056 4 191 19 .0995
057 4 51 4 .0784
058 4 60 2 .0333
059 4 149 6 .0403
060 4 105 10 .0952
001 6 100 14 .14
002 6 
003 6 67 3 .0448
004 6 185 26 .1405
005 6 155 3 .0194
006 6 155 5 .0323
007 6 128 7 .0547
008 6 39 5 .1282
009 6 125 4 .032
010 6 74 4 .0541
011 6 41 1 .0244
012 6 52 6 .1154
013 6 51 8 .1569
014 6 55 2 .0364
015 6 65 10 .1538
016 6 120 20 .1667
017 6 169 6 .0355
018 6 22 4 .1818
019 6 19 7 .3684
020 6 133 23 .1729
021 6 
022 6 189 7 .037
023 6 62 19 .3065
024 6 118 11 .0932
025 6 51 4 .0784
026 6 97 10 .1031
027 6 45 1 .0222
028 6 72 7 .0972
029 6 34 2 .0588
030 6 44 3 .0682
031 6 121 12 .0992
032 6 120 13 .1083
033 6 192 30 .1562
034 6 39 2 .0513
035 6 145 4 .0276
036 6 189 19 .1005
037 6 103 9 .0874
038 6 121 5 .0413
039 6 55 1 .0182
040 6 55 26 .4727
041 6 48 1 .0208
042 6 127 31 .2441
043 6 158 14 .0886
044 6 
045 6 105 10 .0952
046 6 171 4 .0234
047 6 
048 6 92 4 .0435
049 6 85 0 0
050 6 
051 6 164 6 .0366
052 6 145 26 .1793
053 6 132 6 .0455
054 6 116 5 .0431
055 6 
056 6 191 19 .0995
057 6 51 4 .0784
058 6 60 2 .0333
059 6 149 6 .0403
060 6 105 10 .0952
001 8 100 14 .14
002 8 
003 8 67 3 .0448
004 8 185 26 .1405
005 8 155 3 .0194
006 8 155 5 .0323
007 8 
008 8 39 5 .1282
009 8 125 2 .016
010 8 74 4 .0541
011 8 41 1 .0244
012 8 52 6 .1154
013 8 51 8 .1569
014 8 55 2 .0364
015 8 65 11 .1692
016 8 120 20 .1667
017 8 169 6 .0355
018 8 22 4 .1818
019 8 19 7 .3684
020 8 133 25 .188
021 8 
022 8 
023 8 62 19 .3065
024 8 118 11 .0932
025 8 51 4 .0784
026 8 97 10 .1031
027 8 45 1 .0222
028 8 72 7 .0972
029 8 34 2 .0588
030 8 44 3 .0682
031 8 121 12 .0992
032 8 120 13 .1083
033 8 192 31 .1615
034 8 39 2 .0513
035 8 145 4 .0276
036 8 189 19 .1005
037 8 103 9 .0874
038 8 121 5 .0413
039 8 55 1 .0182
040 8 55 26 .4727
041 8 48 1 .0208
042 8 127 31 .2441
043 8 158 14 .0886
044 8 
045 8 105 10 .0952
046 8 171 4 .0234
047 8 
048 8 92 4 .0435
049 8 85 0 0
050 8 
051 8 
052 8 145 26 .1793
053 8 132 10 .0758
054 8 116 5 .0431
055 8 
056 8 191 19 .0995
057 8 51 4 .0784
058 8 60 2 .0333
059 8 149 6 .0403
060 8 105 10 .0952
